551
529
632
646
666
977
667
242
748
914
729
976
170
711
812
273
334
864
298
916
10
462
905
104
338
155
448
78
370
668
99
280
234
952
808
312
267
799
199
563
993
519
872
21
566
221
486
72
823
283
650
923
722
531
841
364
810
89
474
160
315
174
730
1000
468
50
534
963
178
121
136
621
483
13
681
640
949
816
570
653
438
461
855
728
747
510
507
57
469
800
302
88
109
227
222
41
677
152
148
962
197
504
873
252
706
440
696
441
314
397
520
502
150
79
169
345
296
513
603
153
31
786
877
882
48
515
112
278
186
445
771
453
842
340
239
992
342
968
332
582
4
741
544
229
159
645
792
434
530
908
556
627
116
684
120
723
577
261
214
455
561
343
913
71
328
655
868
996
789
67
758
144
900
985
75
220
3
460
954
965
211
760
313
207
899
659
926
425
276
509
559
669
827
270
294
447
457
379
836
60
807
287
119
609
45
405
638
708
889
54
223
610
335
955
523
944
725
263
400
248
819
796
326
851
769
245
701
532
848
941
347
776
251
316
579
821
831
599
68
990
194
664
308
846
1
784
575
357
69
206
738
382
339
249
887
272
871
888
683
524
376
284
216
185
975
286
541
870
820
928
52
933
321
716
28
493
959
237
560
978
537
84
755
277
891
46
141
497
859
633
492
790
998
122
989
464
572
595
319
584
430
629
37
94
444
309
361
757
181
896
709
721
459
458
65
843
92
698
734
957
8
471
478
304
330
135
763
964
824
849
236
108
307
235
622
399
74
77
100
429
149
671
240
834
451
106
485
371
878
538
202
590
215
146
482
699
539
377
385
613
594
9
506
246
528
254
983
980
32
113
500
495
15
793
865
346
674
644
958
617
777
740
830
744
586
894
828
835
243
662
372
132
852
230
545
886
840
413
142
391
55
883
82
626
719
602
910
665
80
945
18
443
233
635
915
901
516
378
652
822
838
107
183
565
327
467
969
203
288
791
518
634
182
269
289
885
762
157
23
785
166
422
358
676
895
818
971
427
320
624
290
355
398
40
432
987
275
86
173
431
522
225
605
972
433
988
608
417
641
927
477
856
906
305
297
388
857
795
694
352
59
87
354
134
353
51
521
258
869
858
446
616
98
794
614
931
196
549
247
138
219
661
780
365
192
172
426
825
123
101
718
737
710
5
557
597
102
942
636
691
331
861
756
979
568
749
81
739
53
325
773
480
333
767
410
867
416
195
105
919
401
137
43
947
997
672
255
27
826
366
475
407
201
415
631
813
892
707
472
494
554
689
970
746
164
693
34
232
660
686
19
501
618
63
449
250
881
839
527
392
731
369
292
754
44
920
639
311
191
130
912
36
961
274
489
300
591
322
404
866
351
323
498
481
208
83
571
943
336
612
329
281
295
611
226
49
863
383
62
424
580
991
360
875
512
90
637
903
581
555
56
606
774
829
770
946
805
787
966
585
569
303
171
359
904
815
111
847
802
463
70
604
228
205
175
408
548
35
210
576
350
409
663
188
625
647
505
939
362
742
344
26
189
348
546
811
648
165
727
600
921
156
922
145
902
253
564
126
17
929
935
783
499
844
95
898
176
759
456
651
876
850
788
131
764
540
934
384
817
995
517
73
158
154
110
654
893
643
217
161
803
678
779
184
465
238
592
542
596
259
782
809
854
476
260
20
209
7
22
682
212
85
442
266
562
860
452
224
630
911
956
837
177
607
806
525
880
862
180
421
241
317
428
679
593
960
271
642
735
717
118
466
115
753
291
897
139
583
598
623
736
543
411
450
454
412
984
726
953
772
673
133
64
573
761
685
752
218
994
418
704
103
349
628
2
264
324
657
151
473
620
536
39
909
490
833
190
244
937
268
670
423
503
282
702
140
375
587
615
558
439
97
396
675
986
47
373
649
419
167
775
930
293
42
853
687
484
733
981
265
96
724
6
601
386
732
231
12
884
801
279
33
310
306
697
390
470
11
387
720
168
58
394
574
925
393
918
496
589
745
38
337
488
162
341
804
380
533
402
487
766
948
356
705
695
578
29
588
143
363
514
690
318
508
973
845
491
940
750
743
200
879
974
285
163
125
420
262
768
117
938
213
128
187
16
907
765
712
198
656
193
479
367
999
797
66
967
93
389
179
24
692
526
147
619
114
703
299
936
368
950
257
374
535
204
715
781
256
713
435
924
714
874
567
511
76
982
91
395
680
552
14
700
917
658
437
381
30
932
550
814
127
129
553
124
832
951
547
301
406
61
414
798
751
25
688
890
436
403
778
